"SubjectNumber" "AgeDays" "AgeMonths" "ear_spoon" "eyes_cookie" "foot_milk" "hair_banana" "hand_yogurt" "leg_bottle" "mouth_apple" "nose_juice" "ds_mean" "numpairs" "study" "AgeGroup3"
3 377 12.39 NA NA NA 0.334807607253428 NA NA -0.0458404074702886 NA 0.14448359989157 2 "orig" "(11,15]"
4 308 10.12 0.0335051546391752 0.140281156143296 -0.134716030238418 0.0899643834426443 0.319895940832473 0.506581653640477 0.105960264900662 0.0423769477485668 0.13798118388861 8 "orig" "(8,11]"
6 271 8.91 0.461206896551724 0.285140562248996 NA 0.520353687020354 NA 0.319976076555024 -0.101370851370851 -0.184514224369297 0.216798691105992 6 "orig" "(8,11]"
8 328 10.78 -0.0990776891303118 -0.273956536736806 NA 0.316469009538316 -0.643268124280783 -0.0465652768284347 0.741007194244604 0.128176947382882 0.017540789169924 7 "orig" "(8,11]"
11 396 13.02 0.149416086408246 0.0221519661067467 0.268791848617176 0.314153280588188 -0.00368060340138521 0.117486870258705 0.186359392241745 0.159850334599385 0.151816146927351 8 "orig" "(11,15]"
19 330 10.85 NA -0.121344537815126 0 NA -0.129496402877698 NA -0.156149425287356 0.0487749546279492 -0.0716430822704462 5 "orig" "(8,11]"
20 203 6.67 -0.0302352135190682 NA -0.153365629780724 0.0717149517149518 0.194131356220953 -0.075014220705347 0.0255405405405406 0.0313495920258572 0.00916019664245191 7 "orig" "(5.9,8]"
22 213 7 -0.319725085910653 -0.121324503311258 -0.174193548387097 0.112020197297676 0.506383584053487 -0.00163843516838069 0.0619165363072109 -0.068804911612152 -0.000670770841395808 8 "orig" "(5.9,8]"
24 358 11.77 -0.354816130942766 -0.13342287379348 NA NA 0.503445692883895 0.241136313587316 0.19655261126833 -0.359165526675787 0.0156216810545846 6 "orig" "(11,15]"
25 258 8.48 -0.211598302687412 -0.243628824248109 0.0695716903344021 0.0129543971168308 0.342372881355932 0.0560110913052089 0.307692307692308 0.0864345114345115 0.0524762190379591 8 "orig" "(8,11]"
26 345 11.34 NA NA NA NA NA NA NA 0.164592260082976 0.164592260082976 1 "orig" "(11,15]"
27 190 6.25 -0.356095457159287 -0.326051560379919 0.170294494238156 NA NA NA NA NA -0.170617507767016 3 "orig" "(5.9,8]"
29 220 7.23 NA 0.416666666666667 0.749185667752443 NA 0.207478487381861 -0.372749099639856 NA -0.304263971186244 0.139263550194974 5 "orig" "(5.9,8]"
30 368 12.1 NA -0.819494584837545 NA NA NA -0.704697986577181 NA NA -0.762096285707363 2 "orig" "(11,15]"
31 212 6.97 -0.0670020414114902 0.0636929672348678 -0.241754385964912 0.552333287627405 0.0340175953079179 -0.00165063195623461 NA 0.549019607843137 0.126950914097242 7 "orig" "(5.9,8]"
32 217 7.13 0.0492307692307692 0.0698969939037208 NA 0.0266025641025641 -0.00759837177747624 -0.334368530020704 0.365648592999314 0.347564742219054 0.0738538229510346 7 "orig" "(5.9,8]"
33 383 12.59 -0.0338525202597851 -0.00634653777450878 0 0.347340676828207 -0.10917537746806 NA 0.191402707733427 0.0227239832103054 0.058870418895655 7 "orig" "(11,15]"
34 371 12.2 0.491994890355546 0.239012778752192 NA 0.437140154074875 0.643332804820041 -0.24879190576865 -0.243180537602333 0.241029113067028 0.222933899671243 7 "orig" "(11,15]"
35 218 7.17 0.0326797385620915 NA 0.0591265203653205 0.749674842066146 0.377741935483871 NA NA NA 0.304805759119357 4 "orig" "(5.9,8]"
36 442 14.53 0.78 -0.425467775467775 NA -0.0709677419354838 NA 0 0.455574581430746 1 0.289856510671248 6 "orig" "(11,15]"
37 263 8.65 -0.122994933646547 0.503333333333333 NA -0.0331510594668489 -0.0524891774891775 0.446699507389163 0.123028087726048 -0.157821798320698 0.100943422789325 7 "orig" "(8,11]"
39 239 7.86 0.457747731720334 NA NA NA -0.204545454545455 NA 0.230769230769231 0.104242424242424 0.147053483046634 4 "orig" "(5.9,8]"
41 274 9.01 -0.277245451025939 -0.112159896143236 -0.522222222222222 -0.411228246318608 NA 0.154411764705882 0.150029627603811 0.144955752212389 -0.124779810169703 7 "orig" "(8,11]"
42 186 6.11 0.061926327771185 -0.135867785251808 -0.151898734177215 0.104960108384766 0.329551773996218 -0.138252956315497 -0.343042071197411 0.0893512851897185 -0.0229090064500054 8 "orig" "(5.9,8]"
43 431 14.17 0.311198533826271 0.259210526315789 0.700090909090909 -0.520926803580832 0.239491114171421 0.117741935483871 0.329523749882581 NA 0.205189995027144 7 "orig" "(11,15]"
44 428 14.07 NA 0.601436879917893 NA 0.476852659110724 NA 0.308173818379751 0.0167346146379345 NA 0.350799493011576 4 "orig" "(11,15]"
50 339 11.14 0.122734408448694 -0.310166521538147 -0.12015503875969 0.43999279501827 0.495466462748525 -0.0724862258953168 -0.08964120765363 -0.104740278172012 0.0451255492745866 8 "orig" "(11,15]"
53 367 12.06 -0.0961538461538461 NA -0.276486671223513 0.396374157243722 -0.120917069117723 0.111187396111874 0.392985494695822 0.154545454545455 0.0802192737288271 7 "orig" "(11,15]"
55 412 13.54 -0.612698412698413 -0.196104471004869 NA 0.786458333333333 0.265092879256966 -0.470967741935484 0.00416330915928009 -0.218626467978195 -0.0632403674096259 7 "orig" "(11,15]"
56 252 8.28 NA 0.154905869324474 0.0566037735849056 NA NA 0.287202380952381 0.386804146946135 NA 0.221379042701974 4 "orig" "(8,11]"
57 413 13.58 0.445779914529915 0.175925925925926 -0.213681592039801 0.270676691729323 -0.071415770609319 0.682692307692308 0.000383759306163189 -0.39909242894674 0.111408600948472 8 "orig" "(11,15]"
60 384 12.62 0.119408710020064 -0.61437908496732 -0.229085729085729 0 0.354618634391414 -0.0670877509587187 -0.0760704673354539 NA -0.0732279554193921 7 "orig" "(11,15]"
61 292 9.6 -0.195213675213675 0.056461223663796 NA 0.233766233766234 NA 0.554347826086957 -0.0101385805987162 -0.130300163412746 0.0848204773819748 6 "orig" "(8,11]"
62 387 12.72 0.114042150130239 0.0428072218986605 -0.0302079353817607 -0.0570364992105475 0.223711772098869 -0.390374331550802 -0.0111033397447106 -0.143398739689533 -0.0314449626811982 8 "orig" "(11,15]"
63 297 9.76 NA 0.0789191123836792 NA NA -0.428571428571429 NA 0.270676691729323 0.334801762114537 0.0639565344140278 4 "orig" "(8,11]"
66 346 11.37 0.163057945138776 -0.089303047951854 0.0218280811747236 -0.0519819028968871 0.0282557354925776 -0.364841033283656 0.46078431372549 0.0998550805417759 0.0334568964926183 8 "orig" "(11,15]"
67 241 7.92 NA 0.0968242016211188 -0.50529773257046 -0.112081423354829 -0.00638332921505647 NA NA NA -0.131734570879807 4 "orig" "(5.9,8]"
70 421 13.84 NA NA NA NA NA NA NA 0.37551724137931 0.37551724137931 1 "orig" "(11,15]"
71 224 7.36 0.287096774193548 -0.117053438364914 NA -0.756176470588235 NA NA 0.716473543472976 NA 0.0325851021783439 4 "orig" "(5.9,8]"
73 418 13.74 0.326163829706333 0.439624383893902 0.74025974025974 0.295695953828207 0.413907284768212 0.37651111807078 0.601400604806621 0.776948771579309 0.496313960864138 8 "orig" "(11,15]"
74 381 12.52 0.808580858085809 0.166539092400219 -0.0661134838316047 NA 0.0305905032467533 0.0815437422988911 -0.295738242340184 0 0.103628924265698 7 "orig" "(11,15]"
75 385 12.66 0.53653436281015 0.0420015000535733 0.14134868590902 0.211569209684788 0.707310420076378 0.62406015037594 -0.110413370253165 0.0488484181384566 0.275157422099393 8 "orig" "(11,15]"
76 277 9.11 -0.179006286972438 0.311282051282051 -0.0419223459136573 0.101250256200041 0.0314064064064065 0.138468766780025 0.144295302013423 -0.295751499712384 0.0262528312604334 8 "orig" "(8,11]"
77 420 13.81 NA NA NA -0.0344676660466134 NA NA 0.294875135722041 NA 0.130203734837714 2 "orig" "(11,15]"
79 287 9.43 0.209583519928347 NA NA 1 0.24145474432595 NA 0.347222222222222 0.637345111029322 0.487121119501168 5 "orig" "(8,11]"
81 399 13.12 NA 0.231596147230822 NA -0.441052631578947 NA 0.187920969914683 NA -0.14802065404475 -0.042389042119548 4 "orig" "(11,15]"
82 204 6.71 NA 0.404516682759361 NA 0.358126285804716 NA 0.48110599078341 0.0251216175129218 -0.616390145801911 0.1304960862117 5 "orig" "(5.9,8]"
83 331 10.88 0.00591069707677483 -0.0531059225182999 0.37751142678636 -0.0459296800760215 -0.273541383989145 -0.272218453188602 -0.242541645633518 0.094572751095981 -0.051167776305809 8 "orig" "(8,11]"
86 225 7.4 NA -0.126520681265207 NA 0.769146005509642 0.144974010731053 0.102775897088693 -0.147745571658615 -0.365923697524956 0.0627843271467684 6 "orig" "(5.9,8]"
87 323 10.62 -0.00564544106979525 0.76 -0.4082995951417 0.282385834109972 NA NA -0.0847377578921204 0.0450847457627119 0.098131297628178 6 "orig" "(8,11]"
88 397 13.05 0.107907542579076 NA NA NA -0.575539568345324 0.316239316239316 NA -0.114285714285714 -0.0664196059531616 4 "orig" "(11,15]"
91 350 11.51 NA -0.525641025641026 NA NA -0.0992366412213741 0.313609885260371 NA NA -0.103755927200676 3 "orig" "(11,15]"
92 429 14.1 0.436742045227136 0.123067113024071 0.321807070472654 0.0611471861471862 0.167652597762269 0.058467611467029 0.265185754316189 -0.058263178832156 0.171975774948047 8 "orig" "(11,15]"
95 219 7.2 -0.333286278938453 -0.304367685546393 0.290588235294118 -0.0224089635854342 -0.149350649350649 -0.105406221685292 0.422165200391007 0.0897265558031888 -0.0140424759522384 8 "orig" "(5.9,8]"
97 369 12.13 -0.0337468982630273 0.197379275334729 NA 0.73795298513948 0.251505050002488 NA -0.278099754127151 -0.0615813538530167 0.13556821737225 6 "orig" "(11,15]"
100 340 11.18 NA 0.631277160791888 NA -0.098615663614143 -0.0424836601307189 -0.64956568946797 NA -0.0965723018703151 -0.0511920308582517 5 "orig" "(11,15]"
104 293 9.63 NA 0.118173258003766 NA 0.12 NA 0.118609022556391 NA NA 0.118927426853386 3 "orig" "(8,11]"
106 182 5.98 0.261450924608819 0.44140350877193 NA -0.102052785923754 0.211434068576926 NA NA 0.182146279144043 0.198876399035593 5 "orig" "(5.9,8]"
107 207 6.8 0.0412090535765448 0.292696788860472 -0.0907300719330795 0.0709498834498834 0.110904328646264 0.51970194493559 -0.349961222273926 0.106807248435903 0.0876972442122065 8 "orig" "(5.9,8]"
111 304 9.99 -0.407231742146063 -0.00141599860578601 0.198032887659444 0.333243352679174 NA 0.276876448564807 -0.354390256077472 0.343818157033806 0.0555618355868442 7 "orig" "(8,11]"
112 301 9.89 NA NA NA 0.0411985018726591 0 0.0075811419095001 0.199722479185939 NA 0.0621255307420245 4 "orig" "(8,11]"
113 286 9.4 0.124590163934426 -0.277782106219971 -0.38377949818114 -0.0438261502091291 0.0929297815246058 0.110957004160888 0.222157697767454 0.237506374298827 0.0103441583844951 8 "orig" "(8,11]"
114 227 7.46 NA -0.0430605231783435 -0.0766129032258065 -0.0122675619834711 -0.419706868286476 -0.0602870813397129 0.548928778228141 0.149023906462052 0.0122882495251976 7 "orig" "(5.9,8]"
115 187 6.15 NA NA -0.101477832512315 0.26797385620915 NA 0.180645161290323 0.127256391407335 NA 0.118599394098623 4 "orig" "(5.9,8]"
117 194 6.38 NA 0.128490870032223 NA NA NA NA -0.0360847254067037 NA 0.0462030723127598 2 "orig" "(5.9,8]"
118 232 7.63 NA -0.352539479300043 0.630769230769231 NA NA -0.52519118308592 NA NA -0.0823204772055773 3 "orig" "(5.9,8]"
119 318 10.45 NA NA 0.0517097581317765 -0.0155899146724835 0 0.253333333333333 NA 0.01619644723093 0.0611299248047113 5 "orig" "(8,11]"
1 353 11.6 0.523646012174184 -0.000976148034971591 -0.129245182582774 0.0695044086348434 0.641062674608613 0.0041393843606532 -0.086078860594641 0.620782726045884 0.205354376826474 8 "voice" "(11,15]"
100 197 6.48 NA -0.0587886425976722 -0.232434640522876 NA -0.357946785966565 NA 0.234842963734166 NA -0.103581776338237 4 "voice" "(5.9,8]"
101 215 7.07 NA -0.135980045728539 0.0778443113772456 0.131762810832578 0.221178097795135 NA 0.0145678666479899 0.698117244330338 0.167915047542458 6 "voice" "(5.9,8]"
102 188 6.18 0.139072074700905 -0.0485125339776503 -0.428571428571429 0.0734037825292578 0.226135458167331 -0.232268658297579 0.179879236462797 -0.066990291262136 -0.019731545031063 8 "voice" "(5.9,8]"
103 403 13.25 NA -0.114415409152251 0.0479104738590662 0.288260869565217 -0.0457516339869281 -0.0152046650417986 0.226361888485366 0.136 0.0747373605326675 7 "voice" "(11,15]"
104 266 8.74 -0.0264798398627395 0.0359245383997859 -0.302083333333333 -0.616071428571429 0.600640113798009 -0.156945198046663 -0.436065573770492 NA -0.12872581734098 7 "voice" "(8,11]"
105 255 8.38 -0.188189811061919 0.021435468297393 0.412965527035183 -0.0231140462280924 0.693548387096774 0.00431235431235433 0.229361576934393 0.0356446672236145 0.148245515451212 8 "voice" "(8,11]"
106 435 14.3 0.11335332103321 -0.0576522596909138 -0.258656374111987 0.675447750967184 0.0824118316268487 0.32572298325723 -0.0949534894171573 0.768115942028985 0.194223713211675 8 "voice" "(11,15]"
107 417 13.71 -0.0242318966453154 -0.0935769656699889 0.200093789776914 0.489284783741532 0.0846497764530552 -0.0432783608195902 -0.219260635826641 -0.0334536431310625 0.0450283559848629 8 "voice" "(11,15]"
108 232 7.63 0.175884899414311 0.11016761016761 NA 0.0516666666666666 0.75 NA NA 0.376024319323288 0.292748699114375 5 "voice" "(5.9,8]"
109 447 14.69 -0.232998962296783 0.149373516586631 -0.110756918068367 0.445513095749249 0.362864077669903 0.390810943442522 0.266824793140583 0.0681718303669523 0.167475297073836 8 "voice" "(11,15]"
110 390 12.82 0.283541858856089 -0.247003049793158 -0.275766283524904 NA 0.019348850492646 NA -0.21580852775543 0.219719414430115 -0.0359946228824405 6 "voice" "(11,15]"
111 454 14.92 0.372831787010891 -0.0997456309764945 0.735714285714286 0.0306545153272577 0.792805257696299 0.450902755780805 0.0297818479636661 0.34883128905346 0.332722013446271 8 "voice" "(11,15]"
112 367 12.06 -0.263314797652147 0.0997863247863248 -0.0365995621295455 0.0554455445544554 0.0609038542361986 0.389994446501296 0.0877648667122352 0.408769063180828 0.100343717523706 8 "voice" "(11,15]"
113 377 12.39 0.165404068787232 0.309289617486339 0.59375 NA NA 0.0436632333184058 -0.078740157480315 NA 0.206673352422332 5 "voice" "(11,15]"
114 388 12.75 NA NA NA NA NA NA -0.165479452054794 NA -0.165479452054794 1 "voice" "(11,15]"
115 449 14.76 -0.0641891891891891 0.711290322580645 NA 0.5 NA 0.322368421052632 0.571428571428571 0.233333333333333 0.379038576534332 6 "voice" "(11,15]"
116 395 12.98 0.443120478137779 0.333551340745585 0.3722430295464 0.447530864197531 0.258054226475279 0.807692307692308 0.40752103379352 0.145980729061384 0.401961751206223 8 "voice" "(11,15]"
118 193 6.34 NA -0.00165121977202509 NA NA -0.125041023957991 NA 0.173434517216186 NA 0.0155807578287232 3 "voice" "(5.9,8]"
119 249 8.19 0.159090909090909 -0.0494078819646671 -0.192163724556469 0.0700797050598573 -0.0459307359307359 0.259953161592506 -0.156819745442036 -0.0824435384714942 -0.00470523132776626 8 "voice" "(8,11]"
12 373 12.26 -0.28 -0.175339518623101 NA NA 0.0800601267890987 0.326012354152368 0.257909777505613 -0.0850467289719626 0.0205993351420028 6 "voice" "(11,15]"
120 197 6.48 -0.443708609271523 -0.0680466533571504 0.15 0.1899026992641 -0.80327868852459 0.835526315789474 0.27965952965953 -0.266304347826087 -0.0157812192832809 8 "voice" "(5.9,8]"
121 401 13.18 0.351799966038377 NA NA 0.445259067628853 0.217487133328717 0 0.132961294286299 -0.0195939732616539 0.187985581336765 6 "voice" "(11,15]"
122 268 8.81 NA NA NA NA NA -0.26490413159641 0.595744680851064 NA 0.165420274627327 2 "voice" "(8,11]"
123 233 7.66 -0.478888014686598 NA 0.0520843179884677 0.181226221832016 0.285584415584416 -0.5 -0.115079365079365 NA -0.0958454040601773 6 "voice" "(5.9,8]"
125 231 7.59 NA 0.0307482993197279 NA NA NA NA 0.231784467713787 NA 0.131266383516757 2 "voice" "(5.9,8]"
126 255 8.38 0.17538680781759 NA NA 0.357707215265355 0.153033707865168 NA NA NA 0.228709243649371 3 "voice" "(8,11]"
127 256 8.42 0.142339544513458 0.0236206896551724 0.0755220981058766 -0.338810006761325 -0.0822246194414479 NA -0.0127646564243675 0.129251700680272 -0.00900932138176597 7 "voice" "(8,11]"
128 306 10.06 0.17950070323488 NA NA 0.257221293864884 NA NA -0.205795064042487 0.599638771824202 0.20764142622037 4 "voice" "(8,11]"
129 305 10.03 0.491655274550011 0.146038305129214 NA -0.278374507697816 -0.345588235294118 -0.0233462189983928 -0.587226534932957 NA -0.0994736528740096 6 "voice" "(8,11]"
13 359 11.8 NA 0.398838141025641 0.266192764385846 0.0869759143621766 0.207558658764309 NA -0.128938970881532 -0.0416061286487914 0.131503396501275 6 "voice" "(11,15]"
130 196 6.44 NA 0.0408646218931782 NA 0.496510726285862 NA 0.294977168949772 NA -0.285606060606061 0.136686614130688 4 "voice" "(5.9,8]"
131 253 8.32 0.0845908902118234 0.170552231620934 NA -0.00693364149517761 -0.181530479896239 0.0620547844606008 0.242011278195489 -0.0205335731414867 0.0500302128508491 7 "voice" "(8,11]"
133 285 9.37 -0.0483641536273115 -0.0418297916884748 -0.145240354206199 -0.0223913669702409 0.178571428571429 -0.000259823320142294 -0.0546710212968634 -0.194078947368421 -0.041033003738278 8 "voice" "(8,11]"
134 238 7.82 0.0968355393275521 0.024099225502301 0 -0.375189369345972 0.360759107458861 0.0263013698630137 0.166059276937466 0.142337662337662 0.0551503515101105 8 "voice" "(5.9,8]"
135 306 10.06 0.593050193050193 NA NA NA -0.169354838709677 NA NA 0.228766538625694 0.217487297655403 3 "voice" "(8,11]"
136 276 9.07 0.238618165179593 NA NA -0.346396272951494 NA 0.219169246646027 NA NA 0.0371303796247087 3 "voice" "(8,11]"
137 343 11.28 -0.210269855141548 0.219455970493315 0.0589460784313726 -0.367319320472214 -0.226474719101124 0.000811100489557126 -0.0172032304458457 0.241407703333232 -0.0375807840516569 8 "voice" "(11,15]"
138 188 6.18 NA 0.042634996582365 NA 0.0666666666666667 NA -0.323761261261261 -0.204334365325077 NA -0.104698490834327 4 "voice" "(5.9,8]"
139 264 8.68 -0.0461770018061409 0.268306010928962 -0.168366538075358 0.0939145884891174 -0.159354304635762 -0.0285643930066487 -0.183108660130719 -0.244479229379892 -0.0584786909520551 8 "voice" "(8,11]"
14 321 10.55 NA NA NA NA NA 0.198268398268398 NA NA 0.198268398268398 1 "voice" "(8,11]"
140 357 11.74 0.0688129899216125 0.539473684210526 0.106582107013115 NA -0.218117408906883 0.142199069049514 0.264041514041514 -0.0645669291338582 0.11977500374222 7 "voice" "(11,15]"
141 420 13.81 NA NA NA 0.0780638403440101 NA NA -0.212589605734767 -0.0599766071738 -0.0648341241881856 3 "voice" "(11,15]"
142 245 8.05 NA NA NA NA NA NA 0.222882882882883 NA 0.222882882882883 1 "voice" "(8,11]"
143 246 8.09 -0.564940239043825 -0.188369386999524 NA NA -0.0921658986175116 NA NA NA -0.281825174886953 3 "voice" "(8,11]"
144 354 11.64 NA NA NA -0.0724207858048161 0 NA 0.129338446788111 NA 0.0189725536610984 3 "voice" "(11,15]"
145 194 6.38 0.261484098939929 0.0525261696218756 NA -0.404651162790698 0.186928104575163 0.213827093506963 0.32890365448505 -0.878228782287823 -0.0341729748499341 7 "voice" "(5.9,8]"
148 210 6.9 0.242460735611421 -0.0661199095022624 NA 0.10702614379085 NA 0.4 0.175371711780404 -0.309297834750811 0.0915734744882668 6 "voice" "(5.9,8]"
149 246 8.09 -0.119047619047619 NA NA NA -0.423220973782772 0.337096774193548 NA NA -0.0683906062122808 3 "voice" "(8,11]"
15 345 11.34 0.0683790757682383 0.210693415543183 NA 0.214545454545455 NA -0.033044420368364 0.418631578947368 0 0.146534184072647 6 "voice" "(11,15]"
16 357 11.74 0.535866834170854 -0.231089343929811 -0.149626148258919 0.2695224130708 -0.12589928057554 -0.433224755700326 -0.00874794969928921 0.822368421052632 0.0848962737663002 8 "voice" "(11,15]"
17 280 9.2 0.000523507500251652 NA -0.291162634408602 0.377483443708609 NA NA -0.255896590792049 NA -0.0422630684979475 4 "voice" "(8,11]"
18 339 11.14 -0.0147289866457188 -0.0976344086021506 0.582781456953642 -0.380050505050505 -0.161643388058482 0.0732894556423969 -0.045094545094545 0.0571428571428572 0.00175774203593681 8 "voice" "(11,15]"
19 323 10.62 0.402035191859233 0.0355439442658092 NA 0.414955550310754 0.435392762577229 0.266447368421053 0.176087195860399 -0.00229723394280357 0.246880682764525 7 "voice" "(8,11]"
2 366 12.03 NA 0.171428571428571 NA 0.877551020408163 -0.194262626262626 -0.502749410840534 -0.246213487197981 NA 0.0211508135071187 5 "voice" "(11,15]"
20 359 11.8 0.0780825302693353 NA NA -0.291079812206573 0.49385775862069 NA NA NA 0.0936201588944841 3 "voice" "(11,15]"
21 304 9.99 0.417339149400218 NA NA 0.482517482517482 NA NA NA NA 0.44992831595885 2 "voice" "(8,11]"
22 323 10.62 -0.156862745098039 0.0951948051948052 -0.123015873015873 NA NA -0.137189103829451 -0.493150684931507 -0.278846153846154 -0.182311625921036 6 "voice" "(8,11]"
23 324 10.65 0.275442514750492 -0.0287261757849994 0.485403172815169 -0.0920765027322404 0.141491754122938 -0.562913907284768 -0.0561288027041452 NA 0.0232131504546352 7 "voice" "(8,11]"
24 367 12.06 NA NA NA -0.101116625310174 0.331468340611354 NA NA NA 0.11517585765059 2 "voice" "(11,15]"
25 183 6.02 0.0976978838438625 0.16073084970986 0.0797875044481725 -0.254623044096728 0.326488549618321 0.112421311223706 0.113516704425795 -0.121081474170844 0.0643672856252682 8 "voice" "(5.9,8]"
27 306 10.06 NA NA NA NA NA 0.140739739604451 NA NA 0.140739739604451 1 "voice" "(8,11]"
28 239 7.86 0.0330218068535825 -0.0905133513829166 0.300313059033989 0.257650631102643 -0.45531914893617 0.0495137538205057 0.0504361016306409 0.0557377049180328 0.0251050696300385 8 "voice" "(5.9,8]"
29 307 10.09 NA NA NA -0.0666666666666668 NA NA NA NA -0.0666666666666668 1 "voice" "(8,11]"
3 357 11.74 NA -0.272338772338772 NA 0.0616247742546704 NA -0.270325203252032 -0.0315637065637065 -0.337748344370861 -0.17007025045414 5 "voice" "(11,15]"
30 303 9.96 NA -0.101761252446184 -0.0912832929782083 -0.560079701983886 0.193162393162393 -0.268669832840956 -0.0252628504672897 0.153256085734888 -0.100091207402749 7 "voice" "(8,11]"
31 269 8.84 NA NA NA NA NA 0.523432224373115 -0.073259739074902 NA 0.225086242649106 2 "voice" "(8,11]"
32 297 9.76 -0.264031159909219 0.0486611849040691 NA NA NA NA NA -0.398867313915858 -0.204745762973669 3 "voice" "(8,11]"
33 335 11.01 NA 0.0467796610169492 NA 0.355154105154105 NA 0.273631029986962 0.048162644053055 NA 0.180931860052768 4 "voice" "(11,15]"
34 342 11.24 -0.234643734643735 -0.0125786163522013 NA 0.218159271693434 0.382991803278689 0.292076344707924 0.235222672064777 -0.317251461988304 0.0805680398229404 7 "voice" "(11,15]"
36 310 10.19 0.277287437481612 0.10795902285264 1 NA NA NA NA NA 0.461748820111417 3 "voice" "(8,11]"
37 349 11.47 -0.404812707444286 0.152596910963053 0.234509698275862 0.11287100456621 -0.00122549019607843 0.0023651844843898 -0.410394636809731 0.384766477520733 0.008834555170019 8 "voice" "(11,15]"
39 405 13.31 NA 0.198975672215109 NA NA NA NA -0.91304347826087 NA -0.35703390302288 2 "voice" "(11,15]"
4 362 11.9 NA 0.254037184594954 -0.0714909439170728 0.313705124107809 0.787469287469287 NA 0.173991628614916 0.181934456982065 0.27327445630866 6 "voice" "(11,15]"
41 334 10.98 -0.00997366688610923 0.00398065598578812 0.020110986836445 -0.217592592592593 0.650708152113304 0.0510351966873706 NA -0.428666371289322 0.00994319440784058 7 "voice" "(8,11]"
43 392 12.89 -0.0309764309764309 0.315591348082323 -0.0324600046371435 -0.298714617803911 -0.143835616438356 0.629496402877698 NA -0.0877799736495389 0.0501887296363772 7 "voice" "(11,15]"
48 223 7.33 0.20527027027027 -0.182393162393162 0.551020408163265 0.250842128901864 -0.240802675585284 -0.236628719334815 0.0792079207920792 -0.0332307396364336 0.049160678897223 8 "voice" "(5.9,8]"
49 297 9.76 -0.380154639175258 -0.142857142857143 -0.102663706992231 NA NA 0.286511479591837 0.228998576174656 NA -0.0220330866516278 5 "voice" "(8,11]"
5 385 12.66 0.19496644295302 0.12402007782979 NA 0.0476312419974391 0.0515565875472996 NA 0.0567765567765567 0.20866935483871 0.113936710323802 6 "voice" "(11,15]"
50 233 7.66 NA 0.00234828822148059 NA NA NA NA 0.111572033532106 NA 0.0569601608767933 2 "voice" "(5.9,8]"
51 357 11.74 0.0962566844919786 NA NA NA NA -0.234571307300509 NA -0.189941453114502 -0.109418691974344 3 "voice" "(11,15]"
52 243 7.99 -0.00692963752665254 -0.0992861778066191 -0.487179487179487 -0.15841784989858 0.203216374269006 -0.0987195902688861 0.116324013157895 0.172619047619048 -0.0447966634542846 8 "voice" "(5.9,8]"
53 389 12.79 -0.177777777777778 0.397050816696915 0.862103601664514 0.0416003184713376 NA NA 0.248576850094877 0.344 0.285925634858311 6 "voice" "(11,15]"
54 291 9.57 NA -0.167763157894737 NA -0.0871212121212122 NA NA NA -0.21 -0.154961456671983 3 "voice" "(8,11]"
55 381 12.52 0.507974481658692 -0.425454545454545 0.312217194570136 0.298245614035088 -0.288351209777999 -0.0425970212866716 0.0569395017793595 -0.04146005105484 0.0471892455586523 8 "voice" "(11,15]"
56 239 7.86 NA -0.279693486590038 0.235294117647059 NA NA NA -0.0921052631578947 0.627282211789254 0.122694394922095 4 "voice" "(5.9,8]"
57 231 7.59 0 0.704347826086957 NA NA 0 0.0527597402597403 -0.186692506459948 0.140179573512907 0.118432438899943 6 "voice" "(5.9,8]"
58 268 8.81 NA 0.0880262438490979 0.0944512443900448 0.349156833491568 NA -0.381410256410256 0.141392718275009 NA 0.0583233567190927 5 "voice" "(8,11]"
6 340 11.18 -0.0197368421052632 0.756578947368421 NA 0.254352030947776 1 0 NA NA 0.398238827242187 5 "voice" "(11,15]"
60 262 8.61 0.400811770674784 0.444 NA -0.0109122653862941 NA -0.0500497512437811 -0.0656034906588003 NA 0.143649252677182 5 "voice" "(8,11]"
61 279 9.17 NA NA NA 0.315789473684211 NA NA -0.309036034388147 NA 0.00337671964803177 2 "voice" "(8,11]"
62 223 7.33 0.0677600749765698 -0.0770833333333333 NA -0.0687857876963734 0.221230158730159 -0.530172413793103 0 NA -0.0645085501860136 6 "voice" "(5.9,8]"
63 294 9.66 NA 0.483372456964006 NA NA NA NA NA NA 0.483372456964006 1 "voice" "(8,11]"
65 265 8.71 NA NA NA 0.488139825218477 0.645740396530359 0.130293159609121 NA NA 0.421391127119319 3 "voice" "(8,11]"
66 264 8.68 -0.509084167593623 -0.169976635514019 NA -0.476084331754435 0.0348937770257567 NA 0.0221658041206914 -0.325294059503806 -0.237229935536572 6 "voice" "(8,11]"
67 292 9.6 0.34275 0.0892549019607843 0.111814345991561 -0.180092592592593 NA -0.112422360248447 0.121533101045296 0.549436090225564 0.131753355197452 7 "voice" "(8,11]"
68 301 9.89 NA NA NA NA -0.533333333333333 NA NA NA -0.533333333333333 1 "voice" "(8,11]"
69 223 7.33 NA -0.144295302013423 -0.0458333333333333 0.07901817323578 0.200942629611572 0.242444326617179 -0.324017169056677 NA 0.00137655417684955 6 "voice" "(5.9,8]"
7 364 11.97 0.700787401574803 0.300245875634518 -0.592592592592593 -0.296818094690435 0.68514449890147 -0.454279386173074 0 -0.577922077922078 -0.0294292969084235 8 "voice" "(11,15]"
72 243 7.99 0.0483870967741935 NA NA NA NA NA NA NA 0.0483870967741935 1 "voice" "(5.9,8]"
74 296 9.73 NA -0.466167163067759 NA NA NA NA NA NA -0.466167163067759 1 "voice" "(8,11]"
75 201 6.61 -0.409729420595489 -0.0782828282828283 0.204084235587552 -0.0360632852489531 0.414745361461941 0.0056325076153802 -0.146523850265003 0.0509048370229886 0.000595944661948532 8 "voice" "(5.9,8]"
76 228 7.5 0.299805501528202 -0.488169642857143 NA NA NA NA NA NA -0.0941820706644704 2 "voice" "(5.9,8]"
77 185 6.08 0.208791832104368 0.112373737373737 0.345746441575637 NA -0.311016949152542 0.0292947252561171 -0.0303480475382003 -0.554813240206499 -0.0285673572267689 7 "voice" "(5.9,8]"
78 301 9.89 -0.28030303030303 NA NA 0.0711308696860239 NA NA 0.558545986177565 -0.249809305873379 0.0248911299217949 4 "voice" "(8,11]"
79 214 7.03 NA NA 0.49434187016081 NA NA NA NA NA 0.49434187016081 1 "voice" "(5.9,8]"
8 369 12.13 0.265573770491803 -0.213531412206909 0.694662187383352 0.0736674072955541 0.108996869470532 -0.117209971236817 -0.222222222222222 0.0534006734006734 0.0804171627969959 8 "voice" "(11,15]"
80 244 8.02 NA NA NA NA NA NA 0.793103448275862 NA 0.793103448275862 1 "voice" "(8,11]"
81 227 7.46 -0.428548070634402 NA NA NA 0.573164769155549 NA NA NA 0.0723083492605739 2 "voice" "(5.9,8]"
82 290 9.53 NA NA NA NA 0.337032644301367 NA 0.315443781868464 NA 0.326238213084916 2 "voice" "(8,11]"
84 304 9.99 -0.0516550706304027 0.269896193771626 NA NA NA -0.871794871794872 0.301108801108801 NA -0.0881112368862118 4 "voice" "(8,11]"
85 228 7.5 -0.987341772151899 0.315691828352925 NA 0.326086956521739 0.737226277372263 0.364507020757021 0.288331071913161 0.139246323529412 0.169106815184946 7 "voice" "(5.9,8]"
87 229 7.53 -0.334973406559138 0.173039948728904 0.193181818181818 -0.153791016247212 -0.245487364620939 0.626623376623377 -0.130773405698779 0.112728005882492 0.0300684945363154 8 "voice" "(5.9,8]"
88 302 9.93 -0.0854025757435375 NA NA -0.0772385509227614 NA -0.122008667797249 -0.182513548741168 NA -0.116790835801179 4 "voice" "(8,11]"
89 191 6.28 -0.283705092775365 -0.204212556087069 0.118181818181818 NA 0.374193548387097 NA NA 0.264451951951952 0.0537819339316865 5 "voice" "(5.9,8]"
9 350 11.51 0.0140845070422535 -0.0893079523216509 -0.263993316624896 0.3375 NA 0.201819544773068 -0.220460879206497 0.0262303485987696 0.000838893180149712 7 "voice" "(11,15]"
90 382 12.56 -0.283159117305459 0.00613107822410142 NA 0.421872887085869 NA -0.0406534021125031 0.0765460030165912 -0.53779366700715 -0.0595093696830918 6 "voice" "(11,15]"
91 420 13.81 -0.0518595518595519 0.502578133221088 NA -0.769599386620663 NA -0.400876338851022 0.44958904109589 NA -0.0540336206028518 5 "voice" "(11,15]"
92 252 8.28 0.523809523809524 0.200471800199108 NA NA NA NA 0.00703234880450065 -0.179727095516569 0.137896644324141 4 "voice" "(8,11]"
93 426 14 NA NA NA -0.0914756384555042 -0.51219512195122 -0.407894736842105 -0.526627218934911 0.262963937878389 -0.25504575566107 5 "voice" "(11,15]"
94 431 14.17 -0.52093389476567 0.0364440276009915 NA -0.237670682730924 NA NA 0.432258064516129 0.141691196146642 -0.0296422578465664 5 "voice" "(11,15]"
95 431 14.17 0.428571428571428 0.340615835777126 -0.229995810640972 0.792364388023552 -0.42483660130719 -0.103586727363064 0.813035035703846 0.275918236984989 0.236510723218715 8 "voice" "(11,15]"
96 439 14.43 0.504966887417219 0.0485436893203883 NA 0.0729502327246688 -0.0948091156992598 0.158029689608637 0.24405346426623 NA 0.155622474606314 6 "voice" "(11,15]"
97 444 14.6 -0.0103448275862069 -0.236363636363636 -0.475409836065574 0.124700239808153 NA NA NA NA -0.149354515051816 4 "voice" "(11,15]"
98 401 13.18 -0.131819927631446 -0.21978111839505 NA -0.105128205128205 0.518072289156627 -0.359712230215827 0.130781499202552 -0.00305576776165017 -0.0243776372532857 7 "voice" "(11,15]"
99 427 14.04 -0.53125 -0.253061224489796 -0.261992619926199 0.358717948717949 -0.345130432718555 0.361492137838742 0.349950835791544 0.671052631578947 0.043722409599079 8 "voice" "(11,15]"
1 193 6.34 0.502830188679245 NA NA NA -0.136486486486487 0.695121951219512 NA -0.440677966101695 0.155196921827644 4 "vamp" "(5.9,8]"
10 245 8.05 NA -0.387855387855388 NA NA NA NA -0.0395655270655272 NA -0.213710457460458 2 "vamp" "(8,11]"
100 319 10.49 0.227475649350649 NA 0.37117903930131 -0.144037727374803 -0.206253908692933 0.439170506912442 -0.0379970760233918 -0.0593941847129461 0.0843060426800468 7 "vamp" "(8,11]"
101 341 11.21 -0.314757969303424 -0.459433548178437 -0.725806451612903 NA 0.173943661971831 0.13503893214683 -0.142561372375037 -0.365384615384615 -0.242708766105108 7 "vamp" "(11,15]"
102 327 10.75 NA NA NA 0.585281385281385 NA NA 0.0738971173753782 NA 0.329589251328382 2 "vamp" "(8,11]"
103 313 10.29 0.150485436893204 NA -0.390281282123166 -0.136274509803922 0.268046893046893 0.00784929356357927 0.0387314439946019 0.0698757763975155 0.00120472170981515 7 "vamp" "(8,11]"
104 276 9.07 0.373482726423903 -0.287675711016672 -0.13302752293578 NA -0.548821548821549 0.0710108604845446 0.315996168582375 -0.395346494762289 -0.0863402174350666 7 "vamp" "(8,11]"
105 343 11.28 0.468147413948459 -0.100336651053864 -0.32058405478744 NA -0.545 -0.120389770195218 -0.2630173564753 -0.360049833887043 -0.177318607492915 7 "vamp" "(11,15]"
106 277 9.11 NA 0.525925925925926 NA NA NA NA NA NA 0.525925925925926 1 "vamp" "(8,11]"
107 227 7.46 -0.133588957055215 -0.838056680161943 -0.376478873239437 0 NA -0.0954820068295246 -0.115401885945218 0.609699170124481 -0.135615604729551 7 "vamp" "(5.9,8]"
108 336 11.05 0.164835164835165 -0.13298139768728 -0.130306748466258 0.227979274611399 0.366286687631027 0.85655737704918 0.270651194828591 0.0102441150828249 0.204158208485581 8 "vamp" "(11,15]"
109 393 12.92 0.185555780727531 -0.195107201759208 -0.153137254901961 0.377060931899642 NA 0.0719585370744574 NA -0.24206208087787 0.00737811869376502 6 "vamp" "(11,15]"
11 405 13.31 NA NA NA NA 0.421052631578947 -0.46053946053946 NA 0.274166195590729 0.0782264555434054 3 "vamp" "(11,15]"
110 360 11.83 NA -0.242009132420091 NA 0.052863436123348 NA 0.396969696969697 -0.417156960843173 0.423487544483986 0.0428309168627534 5 "vamp" "(11,15]"
111 216 7.1 NA 0.111555687281828 0.412955465587045 -0.10071371927042 -0.155917074575295 NA 0.0867872113500508 -0.142772908366534 0.0353157770011124 6 "vamp" "(5.9,8]"
112 225 7.4 -0.322879464285714 0.213976617974036 -0.457547169811321 -0.34436844505244 -0.72945205479452 NA 0.282779009608278 0.456253354804079 -0.128748307365372 7 "vamp" "(5.9,8]"
113 308 10.12 NA 0.0169608265174344 0.146168130029114 NA 0.193463930057506 0.0619459687631911 -0.158178500331785 0.283319185059423 0.0906132566824806 6 "vamp" "(8,11]"
114 231 7.59 NA NA NA NA NA NA NA -0.63768115942029 -0.63768115942029 1 "vamp" "(5.9,8]"
116 251 8.25 -0.0507662835249043 -0.271634615384615 NA -0.109894072571557 -0.462783171521036 -0.105634203195179 0.116030151898158 0.150974025974026 -0.104815452617873 7 "vamp" "(8,11]"
117 296 9.73 -0.2790770609319 0.23270509977827 0.0849421852669872 NA -0.176466605734403 -0.424778761061947 -0.1213866039953 0.101404590613224 -0.083236736580724 7 "vamp" "(8,11]"
118 210 6.9 NA -0.116768356827267 NA NA NA NA NA NA -0.116768356827267 1 "vamp" "(5.9,8]"
119 371 12.2 -0.311034482758621 0.194945848375451 NA -0.187947745469869 NA -0.0118203309692672 -0.0458959899749373 -0.11218487394958 -0.0789895957911372 6 "vamp" "(11,15]"
12 222 7.3 -0.117726269315673 -0.161340527080307 NA NA NA NA -0.184900909681611 NA -0.154655902025864 3 "vamp" "(5.9,8]"
120 225 7.4 -0.0460721751567829 0.0304054054054055 NA -0.0357843137254902 -0.0477103812035483 -0.0061422413793103 0.0801464992389649 -0.125838443485502 -0.0215708071866091 7 "vamp" "(5.9,8]"
121 348 11.44 -0.167118480225276 -0.250564807266799 0.565729080852065 0.238023791662201 -0.139546182300005 -0.062038513430639 -0.242586336336336 0.3046875 0.0308232566194014 8 "vamp" "(11,15]"
122 189 6.21 NA -0.329004329004329 NA -0.111111111111111 NA 1 0.0274469557746009 -0.195124067326045 0.0784414896666231 5 "vamp" "(5.9,8]"
123 262 8.61 NA 0.472297051328722 NA -0.0142664353190669 NA NA -0.155612244897959 NA 0.100806123703899 3 "vamp" "(8,11]"
124 271 8.91 0.0840681058072362 -0.151629834254144 NA 0.270764519304386 -0.215606459680209 NA 0.151486988847584 -0.47745253164557 -0.0563948686034527 6 "vamp" "(8,11]"
125 384 12.62 NA NA 0.135514018691589 -0.358543417366947 0.0494252873563219 NA NA NA -0.0578680371063454 3 "vamp" "(11,15]"
126 192 6.31 NA 0.0770010131712259 NA -0.228070175438597 NA NA NA NA -0.0755345811336853 2 "vamp" "(5.9,8]"
127 392 12.89 0.00927972736483373 -0.112685463479796 0.676 0.267717381955793 0.232 0.0824824605362065 -0.125337381916329 0.10109159943047 0.141318540486397 8 "vamp" "(11,15]"
128 200 6.57 NA -0.0317292437863564 NA 1 NA -0.447761194029851 NA 0.395348837209302 0.228964599848274 4 "vamp" "(5.9,8]"
129 189 6.21 0 0 -0.110892388451444 -0.031927423205475 0.0365101944049313 -0.152317880794702 -0.644730679156909 -0.0694132873166523 -0.121596433065031 8 "vamp" "(5.9,8]"
13 219 7.2 NA -0.0246648537760603 NA -0.00768014113209836 NA 0.0355264913919658 NA 0.0661733161733162 0.0173387031642808 4 "vamp" "(5.9,8]"
131 438 14.4 -0.151752264428321 -0.686516613076099 NA NA 0.362139917695473 NA -0.20911057755732 -0.0853559322033898 -0.154119093913931 5 "vamp" "(11,15]"
14 218 7.17 0.0529117259552042 NA NA 0.718954248366013 NA 0.238659531090724 0.633079772193237 0.302222222222222 0.38916549996548 5 "vamp" "(5.9,8]"
15 214 7.03 -0.56953642384106 NA -0.110099573257468 0.382951769070672 NA NA NA 0.160595744680851 -0.034022120836751 4 "vamp" "(5.9,8]"
16 370 12.16 -0.00415680657616146 -0.167232646483251 -0.623819591261452 0.113055590730657 -0.0138888888888889 -0.385195378572862 -0.0769811920951132 0.191579334436477 -0.120829947338824 8 "vamp" "(11,15]"
18 379 12.46 -0.486725663716814 0.00032877741768822 NA 0.280714285714286 -0.120556073578028 NA -0.137209929843497 0.17947698120712 -0.0473286037998743 6 "vamp" "(11,15]"
19 274 9.01 0.0157755157755158 NA NA 0.0286244154168682 NA 0.644230769230769 -0.353793103448276 NA 0.0837093992437194 4 "vamp" "(8,11]"
2 418 13.74 0.142693028599069 NA NA 0.713256651562682 0.306410256410256 -0.367900032456995 NA 0.474193548387097 0.253730690500422 5 "vamp" "(11,15]"
20 228 7.5 -0.546816479400749 -0.0192259985115356 -0.619606003752345 0.198581560283688 0.411462895757727 0.629179566563468 NA NA 0.00892925682337551 6 "vamp" "(5.9,8]"
21 190 6.25 0.141515175570903 -0.135922330097087 0.368854282536151 0.0252747252747253 0.44842562432139 -0.0459671907040328 0 0.170353084415584 0.121566671414704 8 "vamp" "(5.9,8]"
22 199 6.54 NA NA 1 NA NA -0.805882352941176 NA 0.766666666666667 0.320261437908497 3 "vamp" "(5.9,8]"
23 184 6.05 1 -0.369978647686833 NA -0.16883422459893 0.342440201887206 -0.457516339869281 0.51440329218107 NA 0.143419046985539 6 "vamp" "(5.9,8]"
24 244 8.02 -0.130555555555556 0.474570035868666 NA -0.334322033898305 -0.133406232914161 0.329059829059829 -0.150829165569887 NA 0.0090861461650977 6 "vamp" "(8,11]"
25 448 14.73 0.216282894736842 -0.854014598540146 NA -0.575105009732609 -0.0152060170045782 -0.0254012446773665 -0.187943262411348 0.021721896305692 -0.202809334474788 7 "vamp" "(11,15]"
26 228 7.5 NA 0.0567202706945268 0.0718954248366013 NA -0.0788530465949822 -0.10962962962963 NA 0.216450216450216 0.0313166471513465 5 "vamp" "(5.9,8]"
27 188 6.18 NA -0.0485360752875567 NA NA -0.532500606354596 NA NA NA -0.290518340821076 2 "vamp" "(5.9,8]"
28 203 6.67 0.3450985283113 0.199511400651466 -0.135052447552448 -0.221759291952075 0.111761083743842 NA -0.237001265882132 0.105484298982751 0.0240060437575291 7 "vamp" "(5.9,8]"
29 205 6.74 0.1441910301546 -0.502326000180077 -0.0451977401129944 -0.0793189368770764 0.918918918918919 -0.647286821705426 -0.0425710516848543 NA -0.0362272287838443 7 "vamp" "(5.9,8]"
3 372 12.23 NA -0.357084752656465 0.0241667342470197 0.125232991612302 -0.599236641221374 -0.527210884353742 0.704225352112676 0.147156398104265 -0.0689644003079024 7 "vamp" "(11,15]"
30 392 12.89 -0.293494765443938 0.0786056049213945 NA 0.36241610738255 NA NA -0.0138945707439659 0.17802576002503 0.0623316272282141 5 "vamp" "(11,15]"
31 425 13.97 0.595155709342561 -0.314172557434991 0.402173913043478 NA NA NA -0.422715053763441 0.0456991284577491 0.0612282279290712 5 "vamp" "(11,15]"
32 380 12.49 0.369565217391304 NA NA NA NA NA NA NA 0.369565217391304 1 "vamp" "(11,15]"
33 265 8.71 -0.126561264822134 -0.0563302274060077 NA -0.468332831476463 -0.228252087260975 -0.203872070380903 -0.4 NA -0.24722474689108 6 "vamp" "(8,11]"
34 259 8.51 0.0856063199807255 -0.0599722778376713 0.5390625 0.130591630591631 0.130730423338451 -0.30589289845015 -0.308128908128908 0.0640920483025745 0.0345111047245815 8 "vamp" "(8,11]"
35 252 8.28 NA NA NA NA NA NA 0.10184331797235 NA 0.10184331797235 1 "vamp" "(8,11]"
36 215 7.07 0.247050335285629 -0.187635081333182 0.0650953370520252 0.246850733390854 0.42156862745098 0.123473142016188 0.294600794494489 0.369837051237365 0.197605117449294 8 "vamp" "(5.9,8]"
37 214 7.03 0.0960142446240241 0.0588888888888889 -0.6 -0.522058823529412 NA -0.231753821148376 NA NA -0.239781902232975 5 "vamp" "(5.9,8]"
38 263 8.65 NA -0.112792689891491 NA NA NA NA NA NA -0.112792689891491 1 "vamp" "(8,11]"
39 204 6.71 -0.691341991341991 -0.110556158764628 -0.219469026548673 0.265358851674641 NA 0.506493506493506 0.18502316006176 0.675496688741722 0.087286432902334 7 "vamp" "(5.9,8]"
4 184 6.05 0.055503248281706 -0.207780725022104 NA NA 0.0784209594618517 -0.0983348858872846 0.142158616577221 NA -0.00600655731772199 5 "vamp" "(5.9,8]"
40 387 12.72 0.217919463087248 0.118714930135328 -0.195629229527535 -0.0258644864853204 0.477950240245528 0.0431019408987585 0.0726072607260727 -0.118597329280208 0.0737753487249841 8 "vamp" "(11,15]"
41 424 13.94 0.100282401009433 -0.233494053359048 NA 0.481164451106465 0.232220006646726 -0.426415094339623 0.307942755788809 0.206059129304743 0.0953942280225008 7 "vamp" "(11,15]"
42 376 12.36 0.244214608920491 -0.718181818181818 NA 0.1105743424584 0.239895833333333 0.466365451297678 NA -0.446230274693162 -0.0172269761441796 6 "vamp" "(11,15]"
43 222 7.3 0.766447368421053 0.0334620334620335 0.296822711035909 NA -0.141633186504671 -0.215490196078431 NA -0.0525210084033614 0.114514620322089 6 "vamp" "(5.9,8]"
44 375 12.33 0.248613286109444 0.36557906638669 0.142058030504246 0.404143639437757 0.141727996065551 0.661133960047004 -0.13078220535526 0.088840307782349 0.240164260122223 8 "vamp" "(11,15]"
45 392 12.89 0 0.0486807878112225 -0.270361608651571 NA NA NA -0.477272727272727 0.601483216237315 -0.0194940663751523 5 "vamp" "(11,15]"
46 201 6.61 0.25 0.201342281879195 NA -0.44 NA -0.143243174988004 -0.0244591611479029 0.195453791272607 0.00651562283598237 6 "vamp" "(5.9,8]"
47 401 13.18 -0.174356291627325 0.0662076535448785 0.450893485296187 -0.0367892976588629 0.0566308243727598 -0.17237994563576 0.0583498349834983 0.285450408245215 0.0667508339400738 8 "vamp" "(11,15]"
48 185 6.08 0.504298201256953 -0.0579986039723333 NA 0.219767441860465 -0.111111111111111 -0.192964550588556 -0.283100016866251 0.0216266784063394 0.0143597198550724 7 "vamp" "(5.9,8]"
49 375 12.33 -0.00467585692995526 -0.167588314016615 0 0.185231787307912 0.551829268292683 0.22875816993464 0.0271339739966083 -0.0461497890295358 0.0968174049444672 8 "vamp" "(11,15]"
5 435 14.3 0.462965722801788 NA 0.0772514892384418 0.192233756247597 0.312347788933988 0.769736842105263 -0.287625861155273 -0.238970588235294 0.183991307133787 7 "vamp" "(11,15]"
50 268 8.81 NA 0.0730339447607 NA 0.224973130661753 NA 0.13820811570912 -0.171573661987904 NA 0.0661603822859174 4 "vamp" "(8,11]"
51 222 7.3 0.305263157894737 -0.297395605994471 NA NA 0.102150537634409 NA -0.0868618107556161 -0.3522849173997 -0.0658257277241283 5 "vamp" "(5.9,8]"
52 247 8.12 NA 0.0342344057364046 0.338120224615668 0.0646378126949912 0 -0.342592592592593 NA 0.243030224075039 0.0562383457549184 6 "vamp" "(8,11]"
53 221 7.26 -0.0316074653822998 -0.143813131313131 NA NA NA NA NA NA -0.0877102983477156 2 "vamp" "(5.9,8]"
54 389 12.79 0.441176470588235 -0.249190938511327 -0.124022262334537 -0.0388441233676021 0.420545684792202 0.241253251470485 0.236773292713887 -0.22016911994989 0.0884402819251816 8 "vamp" "(11,15]"
55 188 6.18 0.15264367816092 0.0375124553074263 0.0744763718192833 0.0931423386051335 -0.547184485297768 NA 0.00218533009058552 0.775795234294835 0.0840815604257737 7 "vamp" "(5.9,8]"
56 245 8.05 NA NA NA NA 0.224137931034483 NA 0.0210258043963046 NA 0.122581867715394 2 "vamp" "(8,11]"
57 181 5.95 -0.206231292517007 0.0354387769414185 0.412872723634181 -0.0258070833100207 0.0912978028313368 -0.271399456521739 0.136156024481593 0.290052631578947 0.0577975158898387 8 "vamp" "(5.9,8]"
58 391 12.85 0.00918732272783324 -0.062571103526735 0.196183094472068 -0.323412698412698 0 0.573175506761844 -0.554727880814837 -0.142857142857143 -0.0381278627062085 8 "vamp" "(11,15]"
59 273 8.97 0.591535990931419 -0.269994327850255 0.160919540229885 NA NA 0.0228730022011676 0.244314220982921 NA 0.149929685299027 5 "vamp" "(8,11]"
6 454 14.92 0.0720722009268265 -0.236928104575163 0.150125921089451 -0.294337495302125 0.0361502200855368 0 -0.408163265306122 0.137218543046358 -0.067982747504405 8 "vamp" "(11,15]"
60 256 8.42 -0.191690058923198 -0.114618258453875 -0.1515065913371 0.000258607950347267 0.0797926353481908 0.254324853228963 -0.0362980030721966 -0.2338238068289 -0.049195077760971 8 "vamp" "(8,11]"
61 215 7.07 -0.341246160596753 -0.378144078144078 -0.0952380952380953 NA 0.161714770797963 0.368421052631579 0.37984496124031 NA 0.0158920751151542 6 "vamp" "(5.9,8]"
62 396 13.02 0.0124836601307189 -0.258704453441296 0.673189823874755 0.0306383210091344 -0.189037108901285 0.357849462365591 -0.174065928098186 0.245126456379653 0.0871850291648858 8 "vamp" "(11,15]"
63 237 7.79 0.0747389631800697 -0.01448973042362 0 0.565 0.0242028428736074 -0.567741935483871 -0.122065727699531 -0.0577777777777778 -0.0122666706663903 8 "vamp" "(5.9,8]"
64 213 7 0.0746276889134032 0.215160189364747 -0.393939393939394 0.257931034482759 NA 0.579545454545455 0.547925725380808 0 0.183035814106825 7 "vamp" "(5.9,8]"
65 188 6.18 0 0.0342096927462782 NA NA NA NA NA NA 0.0171048463731391 2 "vamp" "(5.9,8]"
66 253 8.32 NA NA NA 0.135354943650517 NA -0.156883298392732 -0.106287601745901 -0.234666666666667 -0.0906206557886957 4 "vamp" "(8,11]"
67 212 6.97 NA 0.276323797930615 NA NA NA NA NA NA 0.276323797930615 1 "vamp" "(5.9,8]"
68 414 13.61 -0.0504429678848284 0.157479674796748 0.345686274509804 0.368076416337286 0.119360836560372 -0.34997528423134 0.278276282264318 0.225545461604162 0.136750836744565 8 "vamp" "(11,15]"
69 290 9.53 NA 0.0482428779372011 NA 0.372730318257957 NA NA -0.123111300276655 NA 0.099287298639501 3 "vamp" "(8,11]"
7 434 14.27 NA NA NA -0.350180849038645 NA NA NA NA -0.350180849038645 1 "vamp" "(11,15]"
70 275 9.04 -0.406976744186046 -0.115027829313544 -0.258646616541353 0.0711297071129707 0.547872340425532 0.389531521110469 0.451981218506642 0.372634822804314 0.131562302489873 8 "vamp" "(8,11]"
71 333 10.95 NA NA NA NA NA -1 -0.277407227746786 0.0630094043887148 -0.40479927445269 3 "vamp" "(8,11]"
72 318 10.45 -0.701754385964912 0.0718954248366013 0.384083281966989 -0.247058823529412 -0.751839275608376 0.0771899886234357 0.132476771196283 0.267954933117874 -0.0958815106701896 8 "vamp" "(8,11]"
73 322 10.59 NA NA NA 0.767535725973601 NA NA -0.00581474336331272 NA 0.380860491305144 2 "vamp" "(8,11]"
74 322 10.59 NA 0.241935483870968 -0.285602503912363 0.186944045911047 -0.122448979591837 0.0650510204081634 -0.0185185185185186 0.197148261312382 0.0377869727828345 7 "vamp" "(8,11]"
75 285 9.37 -0.220830586684245 0.414448669201521 -0.410836664762993 0.371896933440106 NA 0.280059523809524 0.298061056105611 0.448974818741717 0.16882482140732 7 "vamp" "(8,11]"
76 346 11.37 -0.123735070575461 NA NA 0.140151515151515 -0.0502699055330635 NA -0.576271186440678 0.349729463846532 -0.0520790367102311 5 "vamp" "(11,15]"
77 356 11.7 0.0993056002057481 -0.000557968391844632 0.3017346503262 0.302158854767952 0.259429824561404 0.193110822760477 0.237026175735853 0.161003236245955 0.194151399526468 8 "vamp" "(11,15]"
78 357 11.74 NA NA NA -0.45116341991342 NA NA NA NA -0.45116341991342 1 "vamp" "(11,15]"
79 288 9.47 NA 0.107207752877044 -0.464285714285714 0.481858885286398 NA 0 0.315713944032528 -0.0503118928315779 0.0650304958464464 6 "vamp" "(8,11]"
8 427 14.04 -0.00635653998882696 0.248961038961039 -0.0620055039559683 -0.288 0.272435897435897 -1 0.516753415744958 0.0928041119360365 -0.0281759474833581 8 "vamp" "(11,15]"
80 356 11.7 0.203078078078078 0.164473684210526 0.17297162767546 -1 0.0740114853143507 -0.298891092017331 0.0720582737370205 0.0784676028578467 -0.0667287925180061 8 "vamp" "(11,15]"
81 280 9.2 0.164345063538612 0.132836607210055 NA -0.189323034984098 0.734265734265734 0.0407356741146071 -0.0472088288867459 -0.130718954248366 0.100704608715685 7 "vamp" "(8,11]"
83 273 8.97 -0.167624166048925 0.104234527687296 NA 0.0729565850109144 NA -0.465753424657534 0.182352941176471 -0.449664429530201 -0.120582994393663 6 "vamp" "(8,11]"
84 318 10.45 NA 0.107939802802283 NA NA NA NA -0.0482427273923918 NA 0.0298485377049458 2 "vamp" "(8,11]"
85 347 11.41 0.348959011060508 NA -0.52437417654809 NA -0.113240418118467 NA 0.064902629552206 0.379761904761905 0.0312017901416124 5 "vamp" "(11,15]"
87 285 9.37 0.299704062415927 0.152585119798235 -0.380952380952381 0.212743664717349 0.1783988957902 0.109007996001999 0.0429577464788733 0.00765432098765428 0.077762428154732 8 "vamp" "(8,11]"
88 328 10.78 0 0.224173264016222 -0.457236842105263 0.143112346169115 -0.56676532769556 0 0.417990206514797 -0.00867703403200371 -0.0309254233915867 8 "vamp" "(8,11]"
89 303 9.96 0.149052073253772 0.195056899004267 -0.124510968559436 -0.346753246753247 -0.405405405405405 -0.537536282363869 0.0703825136612022 -0.0521431727794963 -0.131482198742776 8 "vamp" "(8,11]"
9 428 14.07 -0.0734265734265734 NA 0.135815345546889 0.364381138574687 NA -0.454193548387097 0.323908849770919 -0.108467917939764 0.0313362156898434 6 "vamp" "(11,15]"
90 283 9.3 NA -0.005578231292517 -0.352234543010753 0.561992314801304 -0.0178687459389214 0.0669002050580998 0.216981132075472 0.163161215690399 0.0904790496261547 7 "vamp" "(8,11]"
91 339 11.14 NA NA NA 0.2 NA NA 0.434358974358974 NA 0.317179487179487 2 "vamp" "(11,15]"
92 323 10.62 0.074658212799683 -0.0523368292434579 -0.0605078623034425 -0.0949525142835522 -0.42469220246238 NA 0.0811150787209869 -0.218520066889632 -0.0993194548088279 7 "vamp" "(8,11]"
93 273 8.97 -0.308804448563485 0.0699383594120436 -0.206349206349206 0.129102115608862 0.0588303911657205 -0.257616892911011 0.0304711702963887 -0.33006454816286 -0.101811632437943 8 "vamp" "(8,11]"
94 274 9.01 -0.294951852932594 -0.172838968281631 -0.567373338124326 0.243530020703934 -0.582428262506985 0.446916719643992 0.064516129032258 0.424344569288389 -0.0547856228971204 8 "vamp" "(8,11]"
95 331 10.88 0.0762891452790204 -0.470769758271901 -0.375318050519329 0.145958646616541 0.136062676970897 0.326127819548872 -0.0176083591331269 -0.0844555503582067 -0.0329641787334041 8 "vamp" "(8,11]"
96 276 9.07 -0.330466061933062 -0.0564263322884013 0.323671497584541 NA 0.0253076062639822 0.357664233576642 -0.085750089509488 -0.285178236397749 -0.00731105467193352 7 "vamp" "(8,11]"
97 328 10.78 -0.0194650495424765 NA NA NA NA NA NA NA -0.0194650495424765 1 "vamp" "(8,11]"
98 355 11.67 -0.458128297202642 -0.180912395036972 0.0415444770283481 -0.198304498269896 0.193627450980392 0.0784508440913604 0.0315192743764172 0.18771408997488 -0.0380611317572641 8 "vamp" "(11,15]"
99 284 9.34 NA -0.0775558166862514 NA NA NA NA -0.593192195931922 -0.118287740628166 -0.26301191774878 3 "vamp" "(8,11]"
